#wavelength transmittance
350	0
355	0
360	0
365	0
370	0
375	0
380	0
385	0
390	0
395	0
400	0
405	0
410	0
415	0
420	0
425	0
430	0
435	0
440	0
445	0
450	0
455	0
460	0
465	0
470	0
475	1
480	2
485	14
490	62
495	92
500	96
505	96
510	97
515	97
520	98
525	97
530	97
535	98
540	97
545	97
550	97
555	96
560	96
565	93
570	60
575	16
580	2
585	1
590	0
595	0
600	0
605	0
610	0
615	0
620	0
625	0
630	0
635	0
640	0
645	0
650	0
655	0
660	0
665	0
670	0
675	0
680	0
685	0
690	0
695	0
700	0
705	0
710	0
715	0
720	0
725	0
730	0
735	0
740	0
745	0
750	0